image: mymap.pgm
resolution: 0.050000
origin: [-4.605329, -2.250000, 0.000000]
negate: 0
occupied_thresh: 0.65
free_thresh: 0.196

